ESTUDO DE CONVERGÊNCIA - GALERKIN
--------------------------------------------------------------------------------
k    | n      | h            | Erro L2         | Taxa      
--------------------------------------------------------------------------------
1    | 4      | 2.5000e-01   | 7.907545e-02    | -         
1    | 8      | 1.2500e-01   | 2.113277e-02    | 1.9037    
1    | 16     | 6.2500e-02   | 5.377435e-03    | 1.9745    
1    | 32     | 3.1250e-02   | 1.350436e-03    | 1.9935    
--------------------------------------------------------------------------------
2    | 4      | 2.5000e-01   | 4.327631e-03    | -         
2    | 8      | 1.2500e-01   | 5.480619e-04    | 2.9812    
2    | 16     | 6.2500e-02   | 6.873916e-05    | 2.9951    
2    | 32     | 3.1250e-02   | 8.600535e-06    | 2.9986    
--------------------------------------------------------------------------------
3    | 4      | 2.5000e-01   | 3.361701e-04    | -         
3    | 8      | 1.2500e-01   | 1.999608e-05    | 4.0714    
3    | 16     | 6.2500e-02   | 1.215895e-06    | 4.0396    
3    | 32     | 3.1250e-02   | 7.501748e-08    | 4.0186    
--------------------------------------------------------------------------------
4    | 4      | 2.5000e-01   | 2.424108e-05    | -         
4    | 8      | 1.2500e-01   | 7.760780e-07    | 4.9651    
4    | 16     | 6.2500e-02   | 2.441793e-08    | 4.9902    
4    | 32     | 3.1250e-02   | 7.642073e-10    | 4.9978    
--------------------------------------------------------------------------------


ESTUDO DE CONVERGÊNCIA - NITSCHE
--------------------------------------------------------------------------------
k    | n      | h            | Erro L2         | Taxa      
--------------------------------------------------------------------------------
1    | 4      | 2.5000e-01   | 6.064534e-02    | -         
1    | 8      | 1.2500e-01   | 1.899956e-02    | 1.6744    
1    | 16     | 6.2500e-02   | 5.122726e-03    | 1.8910    
1    | 32     | 3.1250e-02   | 1.318967e-03    | 1.9575    
--------------------------------------------------------------------------------
2    | 4      | 2.5000e-01   | 3.834813e-03    | -         
2    | 8      | 1.2500e-01   | 5.145843e-04    | 2.8977    
2    | 16     | 6.2500e-02   | 6.662108e-05    | 2.9494    
2    | 32     | 3.1250e-02   | 8.468398e-06    | 2.9758    
--------------------------------------------------------------------------------
3    | 4      | 2.5000e-01   | 3.169055e-04    | -         
3    | 8      | 1.2500e-01   | 1.944498e-05    | 4.0266    
3    | 16     | 6.2500e-02   | 1.199334e-06    | 4.0191    
3    | 32     | 3.1250e-02   | 7.450854e-08    | 4.0087    
--------------------------------------------------------------------------------
4    | 4      | 2.5000e-01   | 2.337283e-05    | -         
4    | 8      | 1.2500e-01   | 7.621932e-07    | 4.9385    
4    | 16     | 6.2500e-02   | 2.419922e-08    | 4.9771    
4    | 32     | 3.1250e-02   | 7.607833e-10    | 4.9913    
--------------------------------------------------------------------------------

ESTUDO DE CONVERGÊNCIA - DG
--------------------------------------------------------------------------------
k    | n      | h            | Erro L2         | Taxa      
--------------------------------------------------------------------------------
1    | 4      | 2.5000e-01   | 4.217939e-02    | -         
1    | 8      | 1.2500e-01   | 1.282434e-02    | 1.7177    
1    | 16     | 6.2500e-02   | 3.477783e-03    | 1.8826    
1    | 32     | 3.1250e-02   | 8.999740e-04    | 1.9502    
--------------------------------------------------------------------------------
2    | 4      | 2.5000e-01   | 3.297893e-03    | -         
2    | 8      | 1.2500e-01   | 4.170214e-04    | 2.9834    
2    | 16     | 6.2500e-02   | 5.253237e-05    | 2.9888    
2    | 32     | 3.1250e-02   | 6.599163e-06    | 2.9929    
--------------------------------------------------------------------------------
3    | 4      | 2.5000e-01   | 2.987678e-04    | -         
3    | 8      | 1.2500e-01   | 1.841661e-05    | 4.0199    
3    | 16     | 6.2500e-02   | 1.140020e-06    | 4.0139    
3    | 32     | 3.1250e-02   | 7.094140e-08    | 4.0063    
--------------------------------------------------------------------------------
4    | 4      | 2.5000e-01   | 2.248733e-05    | -         
4    | 8      | 1.2500e-01   | 7.245554e-07    | 4.9559    
4    | 16     | 6.2500e-02   | 2.289042e-08    | 4.9843    
4    | 32     | 3.1250e-02   | 7.181683e-10    | 4.9943    
--------------------------------------------------------------------------------