RESULTADOS - MÉTODO DE NITSCHE 2D
------------------------------------------------------------
alpha      | beta0      | Erro L2        
------------------------------------------------------------
-1.0       | 0.0        | inf            
-1.0       | 1.0        | 2.234802e-02   
-1.0       | 10.0       | 3.900737e-03   
-1.0       | 100.0      | 4.116907e-03   
0.0        | 0.0        | inf            
0.0        | 1.0        | 9.141992e-03   
0.0        | 10.0       | 3.486986e-03   
0.0        | 100.0      | 4.066650e-03   
1.0        | 0.0        | 1.175064e-02   
1.0        | 1.0        | 6.575335e-03   
1.0        | 10.0       | 3.301748e-03   
1.0        | 100.0      | 4.018949e-03   
------------------------------------------------------------