LETRA (g) - HÍBRIDO vs DG alpha = -1
-----------------------------------------------------------------------------------------------------------------------------
Método     | k   | Nelem  | h          | beta         | Tempo médio (s)
-----------------------------------------------------------------------------------------------------------------------------
Híbrido    | 1   | 500    | 0.0020     | 5.000e+03    | 1.623096e-01
DG         | 1   | 500    | 0.0020     | 5.000e+03    | 1.711544e-01
Híbrido    | 1   | 1000   | 0.0010     | 1.000e+04    | 2.789025e-01
DG         | 1   | 1000   | 0.0010     | 1.000e+04    | 3.686786e-01
Híbrido    | 1   | 2000   | 0.0005     | 2.000e+04    | 5.526990e-01
DG         | 1   | 2000   | 0.0005     | 2.000e+04    | 8.764284e-01
Híbrido    | 1   | 4000   | 0.0003     | 4.000e+04    | 1.406773e+00
DG         | 1   | 4000   | 0.0003     | 4.000e+04    | 2.897327e+00
Híbrido    | 1   | 8000   | 0.0001     | 8.000e+04    | 4.036112e+00
DG         | 1   | 8000   | 0.0001     | 8.000e+04    | 1.214048e+01
-----------------------------------------------------------------------------------------------------------------------------
Híbrido    | 2   | 500    | 0.0020     | 2.000e+04    | 1.981507e-01
DG         | 2   | 500    | 0.0020     | 2.000e+04    | 2.211364e-01
Híbrido    | 2   | 1000   | 0.0010     | 4.000e+04    | 3.418842e-01
DG         | 2   | 1000   | 0.0010     | 4.000e+04    | 5.161133e-01
Híbrido    | 2   | 2000   | 0.0005     | 8.000e+04    | 7.411858e-01
DG         | 2   | 2000   | 0.0005     | 8.000e+04    | 1.663474e+00
Híbrido    | 2   | 4000   | 0.0003     | 1.600e+05    | 1.641841e+00
DG         | 2   | 4000   | 0.0003     | 1.600e+05    | 6.260853e+00
Híbrido    | 2   | 8000   | 0.0001     | 3.200e+05    | 4.544854e+00
DG         | 2   | 8000   | 0.0001     | 3.200e+05    | 3.047653e+01
-----------------------------------------------------------------------------------------------------------------------------
Híbrido    | 3   | 500    | 0.0020     | 4.500e+04    | 2.718324e-01
DG         | 3   | 500    | 0.0020     | 4.500e+04    | 3.050529e-01
Híbrido    | 3   | 1000   | 0.0010     | 9.000e+04    | 5.183200e-01
DG         | 3   | 1000   | 0.0010     | 9.000e+04    | 9.195567e-01
Híbrido    | 3   | 2000   | 0.0005     | 1.800e+05    | 1.253260e+00
DG         | 3   | 2000   | 0.0005     | 1.800e+05    | 3.082587e+00
Híbrido    | 3   | 4000   | 0.0003     | 3.600e+05    | 2.394181e+00
DG         | 3   | 4000   | 0.0003     | 3.600e+05    | 1.191125e+01
Híbrido    | 3   | 8000   | 0.0001     | 7.200e+05    | 5.526124e+00
DG         | 3   | 8000   | 0.0001     | 7.200e+05    | 6.488534e+01
-----------------------------------------------------------------------------------------------------------------------------
Híbrido    | 4   | 500    | 0.0020     | 8.000e+04    | 4.235841e-01
DG         | 4   | 500    | 0.0020     | 8.000e+04    | 4.720328e-01
Híbrido    | 4   | 1000   | 0.0010     | 1.600e+05    | 6.902242e-01
DG         | 4   | 1000   | 0.0010     | 1.600e+05    | 1.408780e+00
Híbrido    | 4   | 2000   | 0.0005     | 3.200e+05    | 1.376544e+00
DG         | 4   | 2000   | 0.0005     | 3.200e+05    | 4.800084e+00
Híbrido    | 4   | 4000   | 0.0003     | 6.400e+05    | 3.001144e+00
DG         | 4   | 4000   | 0.0003     | 6.400e+05    | 2.011588e+01
Híbrido    | 4   | 8000   | 0.0001     | 1.280e+06    | 7.203643e+00
DG         | 4   | 8000   | 0.0001     | 1.280e+06    | 1.197344e+02
-----------------------------------------------------------------------------------------------------------------------------



LETRA (g) - HÍBRIDO vs DG alpha = 0
-----------------------------------------------------------------------------------------------------------------------------
Método     | k   | Nelem  | h          | beta         | Tempo médio (s)
-----------------------------------------------------------------------------------------------------------------------------
Híbrido    | 1   | 500    | 0.0020     | 5.000e+03    | 1.986416e-01
DG         | 1   | 500    | 0.0020     | 5.000e+03    | 3.487783e-01
Híbrido    | 1   | 1000   | 0.0010     | 1.000e+04    | 5.125114e-01
DG         | 1   | 1000   | 0.0010     | 1.000e+04    | 3.346425e-01
Híbrido    | 1   | 2000   | 0.0005     | 2.000e+04    | 5.645413e-01
DG         | 1   | 2000   | 0.0005     | 2.000e+04    | 1.127058e+00
Híbrido    | 1   | 4000   | 0.0003     | 4.000e+04    | 1.559131e+00
DG         | 1   | 4000   | 0.0003     | 4.000e+04    | 3.191365e+00
Híbrido    | 1   | 8000   | 0.0001     | 8.000e+04    | 4.025957e+00
DG         | 1   | 8000   | 0.0001     | 8.000e+04    | 1.160066e+01
-----------------------------------------------------------------------------------------------------------------------------
Híbrido    | 2   | 500    | 0.0020     | 2.000e+04    | 1.921306e-01
DG         | 2   | 500    | 0.0020     | 2.000e+04    | 5.283822e-01
Híbrido    | 2   | 1000   | 0.0010     | 4.000e+04    | 6.983527e-01
DG         | 2   | 1000   | 0.0010     | 4.000e+04    | 1.048650e+00
Híbrido    | 2   | 2000   | 0.0005     | 8.000e+04    | 1.224359e+00
DG         | 2   | 2000   | 0.0005     | 8.000e+04    | 2.300782e+00
Híbrido    | 2   | 4000   | 0.0003     | 1.600e+05    | 2.174757e+00
DG         | 2   | 4000   | 0.0003     | 1.600e+05    | 6.332297e+00
Híbrido    | 2   | 8000   | 0.0001     | 3.200e+05    | 4.552142e+00
DG         | 2   | 8000   | 0.0001     | 3.200e+05    | 3.036884e+01
-----------------------------------------------------------------------------------------------------------------------------
Híbrido    | 3   | 500    | 0.0020     | 4.500e+04    | 2.490899e-01
DG         | 3   | 500    | 0.0020     | 4.500e+04    | 3.988436e-01
Híbrido    | 3   | 1000   | 0.0010     | 9.000e+04    | 4.824739e-01
DG         | 3   | 1000   | 0.0010     | 9.000e+04    | 8.773332e-01
Híbrido    | 3   | 2000   | 0.0005     | 1.800e+05    | 1.361502e+00
DG         | 3   | 2000   | 0.0005     | 1.800e+05    | 3.108668e+00
Híbrido    | 3   | 4000   | 0.0003     | 3.600e+05    | 2.174808e+00
DG         | 3   | 4000   | 0.0003     | 3.600e+05    | 1.154401e+01
Híbrido    | 3   | 8000   | 0.0001     | 7.200e+05    | 5.600816e+00
DG         | 3   | 8000   | 0.0001     | 7.200e+05    | 6.423117e+01
-----------------------------------------------------------------------------------------------------------------------------
Híbrido    | 4   | 500    | 0.0020     | 8.000e+04    | 3.725642e-01
DG         | 4   | 500    | 0.0020     | 8.000e+04    | 4.884199e-01
Híbrido    | 4   | 1000   | 0.0010     | 1.600e+05    | 7.115284e-01
DG         | 4   | 1000   | 0.0010     | 1.600e+05    | 1.464939e+00
Híbrido    | 4   | 2000   | 0.0005     | 3.200e+05    | 1.401942e+00
DG         | 4   | 2000   | 0.0005     | 3.200e+05    | 4.605621e+00
Híbrido    | 4   | 4000   | 0.0003     | 6.400e+05    | 3.027368e+00
DG         | 4   | 4000   | 0.0003     | 6.400e+05    | 2.031824e+01
Híbrido    | 4   | 8000   | 0.0001     | 1.280e+06    | 7.183375e+00
DG         | 4   | 8000   | 0.0001     | 1.280e+06    | 1.189604e+02
-----------------------------------------------------------------------------------------------------------------------------



LETRA (g) - HÍBRIDO vs DG alpha = 1
-----------------------------------------------------------------------------------------------------------------------------
Método     | k   | Nelem  | h          | beta         | Tempo médio (s)
-----------------------------------------------------------------------------------------------------------------------------
Híbrido    | 1   | 500    | 0.0020     | 5.000e+03    | 1.529479e-01
DG         | 1   | 500    | 0.0020     | 5.000e+03    | 1.440812e-01
Híbrido    | 1   | 1000   | 0.0010     | 1.000e+04    | 2.906455e-01
DG         | 1   | 1000   | 0.0010     | 1.000e+04    | 3.297878e-01
Híbrido    | 1   | 2000   | 0.0005     | 2.000e+04    | 5.911686e-01
DG         | 1   | 2000   | 0.0005     | 2.000e+04    | 9.674708e-01
Híbrido    | 1   | 4000   | 0.0003     | 4.000e+04    | 1.476543e+00
DG         | 1   | 4000   | 0.0003     | 4.000e+04    | 2.889664e+00
Híbrido    | 1   | 8000   | 0.0001     | 8.000e+04    | 4.014056e+00
DG         | 1   | 8000   | 0.0001     | 8.000e+04    | 1.174146e+01
-----------------------------------------------------------------------------------------------------------------------------
Híbrido    | 2   | 500    | 0.0020     | 2.000e+04    | 2.109549e-01
DG         | 2   | 500    | 0.0020     | 2.000e+04    | 2.431700e-01
Híbrido    | 2   | 1000   | 0.0010     | 4.000e+04    | 4.030086e-01
DG         | 2   | 1000   | 0.0010     | 4.000e+04    | 6.486458e-01
Híbrido    | 2   | 2000   | 0.0005     | 8.000e+04    | 7.027324e-01
DG         | 2   | 2000   | 0.0005     | 8.000e+04    | 1.732319e+00
Híbrido    | 2   | 4000   | 0.0003     | 1.600e+05    | 1.916707e+00
DG         | 2   | 4000   | 0.0003     | 1.600e+05    | 6.245804e+00
Híbrido    | 2   | 8000   | 0.0001     | 3.200e+05    | 4.478289e+00
DG         | 2   | 8000   | 0.0001     | 3.200e+05    | 3.103285e+01
-----------------------------------------------------------------------------------------------------------------------------
Híbrido    | 3   | 500    | 0.0020     | 4.500e+04    | 3.249552e-01
DG         | 3   | 500    | 0.0020     | 4.500e+04    | 6.246182e-01
Híbrido    | 3   | 1000   | 0.0010     | 9.000e+04    | 6.648227e-01
DG         | 3   | 1000   | 0.0010     | 9.000e+04    | 1.398993e+00
Híbrido    | 3   | 2000   | 0.0005     | 1.800e+05    | 1.551369e+00
DG         | 3   | 2000   | 0.0005     | 1.800e+05    | 3.051928e+00
Híbrido    | 3   | 4000   | 0.0003     | 3.600e+05    | 2.285247e+00
DG         | 3   | 4000   | 0.0003     | 3.600e+05    | 1.166228e+01
Híbrido    | 3   | 8000   | 0.0001     | 7.200e+05    | 5.703384e+00
DG         | 3   | 8000   | 0.0001     | 7.200e+05    | 6.518602e+01
-----------------------------------------------------------------------------------------------------------------------------
Híbrido    | 4   | 500    | 0.0020     | 8.000e+04    | 3.467789e-01
DG         | 4   | 500    | 0.0020     | 8.000e+04    | 4.802250e-01
Híbrido    | 4   | 1000   | 0.0010     | 1.600e+05    | 7.492065e-01
DG         | 4   | 1000   | 0.0010     | 1.600e+05    | 1.397813e+00
Híbrido    | 4   | 2000   | 0.0005     | 3.200e+05    | 1.440247e+00
DG         | 4   | 2000   | 0.0005     | 3.200e+05    | 4.913381e+00
Híbrido    | 4   | 4000   | 0.0003     | 6.400e+05    | 3.148034e+00
DG         | 4   | 4000   | 0.0003     | 6.400e+05    | 2.056895e+01
Híbrido    | 4   | 8000   | 0.0001     | 1.280e+06    | 7.346089e+00
DG         | 4   | 8000   | 0.0001     | 1.280e+06    | 1.205910e+02
-----------------------------------------------------------------------------------------------------------------------------


