RESULTADOS - FORMULAÇÃO DESCONTÍNUA COM LAMBDA CONHECIDO
------------------------------------------------------------
alpha      | beta0      | Erro L2        
------------------------------------------------------------
-1.0       | 0.0        | inf            
-1.0       | 1.0        | 7.109462e-03   
-1.0       | 10.0       | 1.429993e-03   
-1.0       | 100.0      | 1.609077e-03   
0.0        | 0.0        | inf            
0.0        | 1.0        | 7.237918e-03   
0.0        | 10.0       | 1.332762e-03   
0.0        | 100.0      | 1.609827e-03   
1.0        | 0.0        | inf            
1.0        | 1.0        | 7.081500e-03   
1.0        | 10.0       | 1.345277e-03   
1.0        | 100.0      | 1.611026e-03   
------------------------------------------------------------