Nelem    | k   | h            | beta         | Erro u       | taxa u     | Erro p       | taxa p     | Erro lambda    | taxa lambda  | tempo (s)  | cond local max 
----------------------------------------------------------------------------------------------------------------------------------------------------------------
16       | 1   | 6.2500e-02   | 1.6000e+02   | 1.2586e-01   | -          | 2.6083e-03   | -          | 3.1952e-15     | -            | 0.0148     | 1.5361e+04     
32       | 1   | 3.1250e-02   | 3.2000e+02   | 6.2950e-02   | 0.9995     | 6.5240e-04   | 1.9993     | 1.6670e-14     | -2.3833      | 0.0367     | 6.1441e+04     
64       | 1   | 1.5625e-02   | 6.4000e+02   | 3.1478e-02   | 0.9999     | 1.6312e-04   | 1.9998     | 6.7702e-14     | -2.0220      | 0.1074     | 2.4576e+05     
128      | 1   | 7.8125e-03   | 1.2800e+03   | 1.5739e-02   | 1.0000     | 4.0782e-05   | 2.0000     | 2.7719e-13     | -2.0336      | 0.1472     | 9.8304e+05     
256      | 1   | 3.9062e-03   | 2.5600e+03   | 7.8696e-03   | 1.0000     | 1.0196e-05   | 2.0000     | 1.1060e-12     | -1.9964      | 0.2418     | 3.9322e+06     
512      | 1   | 1.9531e-03   | 5.1200e+03   | 3.9348e-03   | 1.0000     | 2.5489e-06   | 2.0000     | 4.4577e-12     | -2.0109      | 0.4090     | 1.5729e+07     
1024     | 1   | 9.7656e-04   | 1.0240e+04   | 1.9674e-03   | 1.0000     | 6.3724e-07   | 2.0000     | 1.7851e-11     | -2.0017      | 0.8147     | 6.2915e+07     
2048     | 1   | 4.8828e-04   | 2.0480e+04   | 9.8370e-04   | 1.0000     | 1.5936e-07   | 1.9995     | 7.1166e-11     | -1.9951      | 1.5207     | 2.5166e+08     
4096     | 1   | 2.4414e-04   | 4.0960e+04   | 4.9185e-04   | 1.0000     | 4.0047e-08   | 1.9925     | 2.8456e-10     | -1.9995      | 4.0053     | 1.0066e+09     
8000     | 1   | 1.2500e-04   | 8.0000e+04   | 2.5183e-04   | 1.0000     | 1.0635e-08   | 1.9807     | 2.0622e-09     | -2.9586      | 11.2045    | 3.8400e+09     
