Nelem    | k   | h            | beta         | Erro u       | taxa u     | Erro p       | taxa p     | tempo (s)  | cond max    
----------------------------------------------------------------------------------------------------------------------------------
16       | 1   | 6.2500e-02   | 1.6000e+02   | 1.2586e-01   | -          | 2.6083e-03   | -          | 0.0132     | 1.5361e+04  
32       | 1   | 3.1250e-02   | 3.2000e+02   | 6.2950e-02   | 0.9995     | 6.5240e-04   | 1.9993     | 0.0238     | 6.1441e+04  
64       | 1   | 1.5625e-02   | 6.4000e+02   | 3.1478e-02   | 0.9999     | 1.6312e-04   | 1.9998     | 0.0470     | 2.4576e+05  
128      | 1   | 7.8125e-03   | 1.2800e+03   | 1.5739e-02   | 1.0000     | 4.0782e-05   | 2.0000     | 0.0934     | 9.8304e+05  
256      | 1   | 3.9062e-03   | 2.5600e+03   | 7.8696e-03   | 1.0000     | 1.0196e-05   | 2.0000     | 0.1871     | 3.9322e+06  
512      | 1   | 1.9531e-03   | 5.1200e+03   | 3.9348e-03   | 1.0000     | 2.5489e-06   | 2.0000     | 0.3730     | 1.5729e+07  
1024     | 1   | 9.7656e-04   | 1.0240e+04   | 1.9674e-03   | 1.0000     | 6.3722e-07   | 2.0000     | 0.7445     | 6.2915e+07  
2048     | 1   | 4.8828e-04   | 2.0480e+04   | 9.8370e-04   | 1.0000     | 1.5931e-07   | 2.0000     | 1.4837     | 2.5166e+08  
4096     | 1   | 2.4414e-04   | 4.0960e+04   | 4.9185e-04   | 1.0000     | 3.9826e-08   | 2.0000     | 2.9811     | 1.0066e+09  
8000     | 1   | 1.2500e-04   | 8.0000e+04   | 2.5183e-04   | 1.0000     | 1.0440e-08   | 2.0000     | 4.8453     | 3.8400e+09  
