Nelem    | k   | h            | beta         | Erro u       | taxa u     | Erro p       | taxa p     | tempo (s)  | cond max    
----------------------------------------------------------------------------------------------------------------------------------
16       | 1   | 6.2500e-02   | 0.0000e+00   | 7.8116e-03   | -          | 1.5268e-03   | -          | 0.0116     | 5.1300e+02  
32       | 1   | 3.1250e-02   | 0.0000e+00   | 1.9541e-03   | 1.9991     | 3.8116e-04   | 2.0020     | 0.0185     | 2.0490e+03  
64       | 1   | 1.5625e-02   | 0.0000e+00   | 4.8861e-04   | 1.9998     | 9.5258e-05   | 2.0005     | 0.0360     | 8.1930e+03  
128      | 1   | 7.8125e-03   | 0.0000e+00   | 1.2216e-04   | 1.9999     | 2.3812e-05   | 2.0001     | 0.0689     | 3.2769e+04  
256      | 1   | 3.9062e-03   | 0.0000e+00   | 3.0540e-05   | 2.0000     | 5.9530e-06   | 2.0000     | 0.1396     | 1.3107e+05  
512      | 1   | 1.9531e-03   | 0.0000e+00   | 7.6349e-06   | 2.0000     | 1.4882e-06   | 2.0000     | 0.2855     | 5.2429e+05  
1024     | 1   | 9.7656e-04   | 0.0000e+00   | 1.9087e-06   | 2.0000     | 3.7206e-07   | 2.0000     | 0.5588     | 2.0972e+06  
2048     | 1   | 4.8828e-04   | 0.0000e+00   | 4.7718e-07   | 2.0000     | 9.3014e-08   | 2.0000     | 1.1961     | 8.3886e+06  
4096     | 1   | 2.4414e-04   | 0.0000e+00   | 1.1930e-07   | 2.0000     | 2.3254e-08   | 2.0000     | 2.7081     | 3.3554e+07  
8000     | 1   | 1.2500e-04   | 0.0000e+00   | 3.1273e-08   | 2.0000     | 6.0958e-09   | 2.0000     | 4.2528     | 1.2800e+08  
